Ninja Player B
_______________________________________
0,0,2 E
1,0,2 E
2,0,2 E
3,0,2 E
4,0,2 E
7,0,0 D
5,0,2 E
0,1,2 E
1,1,2 E
6,0,0 D
2,1,2 E
5,7,1 A
7,1,0 D-
6,1,0 D-
4,7,1 A-
3,7,1 A-
7,0,0 D-
7,7,0 D-
7,1,0 D-
6,7,0 D-
2,7,1 A-
1,7,1 A-
0,7,1 A-
7,7,0 D
5,6,1 A
7,0,0 D
7,1,0 D
6,7,0 D
6,1,0 D
4,6,1 A
7,7,0 D
2,1,2 E
7,1,0 D
7,6,0 D
6,7,0 D
6,6,0 D
7,0,0 D
7,7,0 D
7,1,0 D
7,6,0 D
6,1,0 D
1,1,2 E
7,7,0 D
6,7,0 D
7,1,0 D
7,0,0 D
7,6,0 D
6,1,0 D
6,0,0 D
7,7,0 D
0,1,2 E
1,1,2 E
7,1,0 D
0,6,1 A
7,2,0 D
7,6,0 D
2,1,2 E
7,0,0 D
7,1,0 D
0,1,2 E
7,7,0 D
1,1,2 E
0,6,1 A
7,3,0 D
1,1,2 E
7,1,0 D
0,1,2 E
0,7,1 A
1,1,2 E
0,6,1 A
0,1,2 E
0,4,1 A
1,1,2 E
