Ninja as Player A 
_______________________________________
0,0,2 E
1,0,2 E
2,0,2 E
3,0,2 E
4,0,2 E
7,0,0 D
5,0,2 E
0,1,2 E
1,1,2 E
6,0,0 D
2,1,2 E
5,7,1 A
4,7,1 A
7,0,0 D
3,7,1 A
7,7,0 D
6,7,0 D
2,7,1 A
1,7,1 A
0,7,1 A
7,0,0 D
6,0,0 D
7,7,0 D
5,0,2 E
5,6,1 A
7,0,0 D
4,6,1 A
3,6,1 A
7,7,0 D
2,6,1 A
6,7,0 D
5,7,1 A
7,0,0 D
6,0,0 D
7,7,0 D
4,7,1 A
1,6,1 A
7,0,0 D
0,6,1 A
5,5,1 A
4,5,1 A
7,7,0 D
6,7,0 D
3,5,1 A
7,0,0 D
6,0,0 D
2,5,1 A
1,5,1 A
7,7,0 D
7,0,0 D
0,5,1 A
5,4,1 A
4,4,1 A
_________________________________________
