XXXXXXXXX GAME INFO XXXXXXXXX
Round Number : 77
Maximum Amount Of Rounds : 400
Map Width : 16
Map Height : 8
Round Income Energy : 5
XXXXXXXXXXXXXXXXXXXXXXXXXXXXX

****** BUILDING STATS ******
type;health;constructionTime;price;weaponDamage;weaponSpeed;weaponCooldownPeriod;energyGeneratedPerTurn;destroyMultiplier;constructionScore
ATTACK;5;1;30;5;2;3;0;1;4;
DEFENSE;20;3;30;0;0;0;0;1;10;
ENERGY;5;1;20;0;0;0;3;1;3;
TESLA;5;10;100;20;0;10;0;10;20;
*****************************

***** IRON CURTAIN STATS ****
price;activeRounds;resetPeriod;constructionScore
100;6;30;20;
*****************************

---------- PLAYER A ----------
Energy : 26
Health : 5
HitsTaken : 19
Score : 2986
IronCurtainAvailable : 1
ActiveIronCurtainLifetime : -17
------------------------------

---------- PLAYER B ----------
Energy : 458
Health : 90
HitsTaken : 2
Score : 5324
IronCurtainAvailable : 1
ActiveIronCurtainLifetime : -17
------------------------------

############# MAP #############
[0,0,E,0,0][1,0,E,0,0][2,0,E,0,0][3,0,E,0,0][4,0,E,0,0][5,0,E,0,0][6,0,N,0,0][7,0,N,0,0][8,0,A,0,1][9,0,E,0,0][10,0,E,0,0][11,0,E,0,0][12,0,E,0,0][13,0,E,0,0][14,0,A,0,0][15,0,E,0,0]
[0,1,E,0,0][1,1,N,0,0][2,1,N,0,0][3,1,N,0,0][4,1,N,0,0][5,1,N,0,0][6,1,N,0,1][7,1,N,0,0][8,1,D,0,0][9,1,D,0,1][10,1,A,0,1][11,1,A,0,0][12,1,A,0,0][13,1,A,0,0][14,1,A,0,0][15,1,E,0,0]
[0,2,N,0,0][1,2,N,0,1][2,2,N,0,0][3,2,N,0,0][4,2,N,0,1][5,2,N,0,0][6,2,N,0,0][7,2,N,0,0][8,2,D,0,0][9,2,D,0,1][10,2,D,0,0][11,2,D,0,0][12,2,A,0,0][13,2,A,0,0][14,2,E,0,0][15,2,E,0,0]
[0,3,N,0,0][1,3,N,0,0][2,3,N,0,0][3,3,N,0,0][4,3,N,0,0][5,3,N,0,0][6,3,N,0,0][7,3,D,0,0][8,3,D,0,0][9,3,D,0,0][10,3,D,0,0][11,3,D,0,1][12,3,A,0,0][13,3,A,0,0][14,3,E,0,0][15,3,E,0,0]
[0,4,a,0,0][1,4,N,0,0][2,4,N,0,0][3,4,N,0,0][4,4,N,0,0][5,4,N,0,0][6,4,N,0,0][7,4,N,0,0][8,4,d,0,0][9,4,D,0,1][10,4,N,0,0][11,4,N,0,0][12,4,N,0,0][13,4,A,0,0][14,4,E,0,0][15,4,E,0,0]
[0,5,N,0,0][1,5,N,0,0][2,5,N,0,0][3,5,N,0,0][4,5,N,0,0][5,5,N,0,0][6,5,N,0,0][7,5,N,0,0][8,5,N,0,0][9,5,N,0,0][10,5,N,0,0][11,5,N,0,0][12,5,N,0,0][13,5,N,0,0][14,5,N,0,0][15,5,E,0,0]
[0,6,N,0,1][1,6,N,0,1][2,6,N,0,1][3,6,N,0,0][4,6,N,1,0][5,6,N,0,0][6,6,N,0,0][7,6,N,0,1][8,6,d,0,1][9,6,D,0,1][10,6,D,0,1][11,6,A,0,0][12,6,A,0,0][13,6,A,0,0][14,6,A,0,0][15,6,D,0,0]
[0,7,N,0,1][1,7,N,0,2][2,7,N,0,1][3,7,N,0,1][4,7,N,0,0][5,7,N,0,0][6,7,N,0,0][7,7,N,0,0][8,7,D,0,1][9,7,D,0,2][10,7,D,0,1][11,7,A,0,0][12,7,A,0,0][13,7,A,0,0][14,7,A,0,0][15,7,A,0,0]
###############################

######## BUILDING DATA #########
FORMAT : [x,y] Owner|BuildingType|ConstructionTimeLeft|Health|WeaponCooldownTimeLeft|WeaponDamage|EnergyGeneratedPerTurn 

[0,0] A|ENERGY|-76|5|0|0|3
[15,0] B|ENERGY|-76|5|0|0|3
[1,0] A|ENERGY|-73|5|0|0|3
[15,1] B|ENERGY|-73|5|0|0|3
[2,0] A|ENERGY|-71|5|0|0|3
[15,2] B|ENERGY|-71|5|0|0|3
[3,0] A|ENERGY|-69|5|0|0|3
[15,3] B|ENERGY|-69|5|0|0|3
[4,0] A|ENERGY|-67|5|0|0|3
[14,0] B|ATTACK|-67|5|1|5|0
[13,0] B|ENERGY|-66|5|0|0|3
[5,0] A|ENERGY|-65|5|0|0|3
[12,0] B|ENERGY|-65|5|0|0|3
[11,0] B|ENERGY|-64|5|0|0|3
[10,0] B|ENERGY|-63|5|0|0|3
[9,0] B|ENERGY|-62|5|0|0|3
[8,0] B|ATTACK|-61|5|3|5|0
[14,1] B|ATTACK|-60|5|0|5|0
[13,1] B|ATTACK|-58|5|2|5|0
[12,1] B|ATTACK|-57|5|3|5|0
[11,1] B|ATTACK|-56|5|0|5|0
[14,7] B|ATTACK|-55|5|1|5|0
[13,7] B|ATTACK|-54|5|2|5|0
[12,7] B|ATTACK|-53|5|3|5|0
[10,7] B|DEFENSE|-48|5|0|0|0
[11,7] B|ATTACK|-48|5|0|5|0
[15,7] B|ATTACK|-47|5|1|5|0
[10,1] B|ATTACK|-44|5|0|5|0
[9,1] B|DEFENSE|-41|20|0|0|0
[8,1] B|DEFENSE|-39|20|0|0|0
[14,6] B|ATTACK|-39|5|1|5|0
[13,6] B|ATTACK|-38|5|2|5|0
[9,6] B|DEFENSE|-31|15|0|0|0
[11,6] B|ATTACK|-30|5|2|5|0
[12,6] B|ATTACK|-29|5|3|5|0
[10,6] B|DEFENSE|-25|20|0|0|0
[15,6] B|DEFENSE|-24|20|0|0|0
[15,4] B|ENERGY|-24|5|0|0|3
[15,5] B|ENERGY|-22|5|0|0|3
[14,2] B|ENERGY|-20|5|0|0|3
[9,2] B|DEFENSE|-17|20|0|0|0
[13,2] B|ATTACK|-18|5|2|5|0
[8,2] B|DEFENSE|-15|20|0|0|0
[12,2] B|ATTACK|-16|5|0|5|0
[10,2] B|DEFENSE|-13|20|0|0|0
[11,2] B|DEFENSE|-12|20|0|0|0
[8,7] B|DEFENSE|-11|5|0|0|0
[14,3] B|ENERGY|-12|5|0|0|3
[9,3] B|DEFENSE|-9|20|0|0|0
[9,7] B|DEFENSE|-8|20|0|0|0
[13,3] B|ATTACK|-9|5|3|5|0
[7,3] A|DEFENSE|-6|5|0|0|0
[8,3] B|DEFENSE|-6|20|0|0|0
[12,3] B|ATTACK|-7|5|1|5|0
[10,3] B|DEFENSE|-4|20|0|0|0
[11,3] B|DEFENSE|-3|20|0|0|0
[14,4] B|ENERGY|-4|5|0|0|3
[9,4] B|DEFENSE|-1|20|0|0|0
[13,4] B|ATTACK|-2|5|2|5|0
[0,1] A|ENERGY|-1|5|0|0|3
[8,4] B|DEFENSE|1|20|0|0|0
[0,4] A|ATTACK|0|5|0|5|0
[8,6] B|DEFENSE|2|20|0|0|0
###############################

####### MISSILE DATA ########
FORMAT : [x,y] Owner|Damage|Speed 

[0,7] B|5|2
[1,7] B|5|2
[0,6] B|5|2
[1,7] B|5|2
[1,6] B|5|2
[1,2] B|5|2
[2,7] B|5|2
[2,6] B|5|2
[6,1] B|5|2
[3,7] B|5|2
[4,2] B|5|2
[8,0] B|5|2
[8,7] B|5|2
[9,7] B|5|2
[8,6] B|5|2
[9,1] B|5|2
[9,7] B|5|2
[9,6] B|5|2
[7,6] B|5|2
[9,2] B|5|2
[4,6] A|5|2
[9,4] B|5|2
[10,1] B|5|2
[10,7] B|5|2
[10,6] B|5|2
[11,3] B|5|2
###############################
